DynamicSimulation(run_time=600, gain=-2, file_name=userwalking.csv)
Start Time: 2020-07-09,20:04:52
0.0,-2694181.47410382,-4297223.6170062525,3854326.738513777
0.1,-2694181.47410382,-4297223.6170062525,3854326.738513777
0.2,-2694181.47410382,-4297223.6170062525,3854326.738513777
0.3,-2694181.47410382,-4297223.6170062525,3854326.738513777
0.4,-2694181.47410382,-4297223.6170062525,3854326.738513777
0.5,-2694181.47410382,-4297223.6170062525,3854326.738513777
0.6,-2694181.47410382,-4297223.6170062525,3854326.738513777
0.7,-2694181.47410382,-4297223.6170062525,3854326.738513777
0.8,-2694181.47410382,-4297223.6170062525,3854326.738513777
0.9,-2694181.47410382,-4297223.6170062525,3854326.738513777
1.0,-2694181.47410382,-4297223.6170062525,3854326.738513777
1.1,-2694181.3515760154,-4297223.621994929,3854326.816607062
1.2,-2694181.229048214,-4297223.626983601,3854326.8947003465
1.3,-2694181.10652041,-4297223.631972268,3854326.9727936285
1.4,-2694180.983992607,-4297223.636960932,3854327.050886911
1.5,-2694180.861464806,-4297223.64194959,3854327.1289801914
1.6,-2694180.7389370045,-4297223.646938247,3854327.2070734724
1.7,-2694180.6164092026,-4297223.6519268975,3854327.285166751
1.8,-2694180.4938814007,-4297223.6569155445,3854327.3632600303
1.9,-2694180.371353599,-4297223.661904186,3854327.4413533066
2.0,-2694180.2488257987,-4297223.666892826,3854327.5194465844
2.1,-2694180.126297998,-4297223.671881459,3854327.5975398584
2.2,-2694180.003770199,-4297223.676870087,3854327.6756331343
2.3,-2694179.881242399,-4297223.681858713,3854327.753726407
2.4,-2694179.7587145995,-4297223.686847334,3854327.8318196796
2.5,-2694179.6361868028,-4297223.691835951,3854327.9099129518
2.6,-2694179.513659003,-4297223.696824563,3854327.988006223
2.7,-2694179.391131205,-4297223.701813171,3854328.0660994924
2.8,-2694179.268603406,-4297223.706801775,3854328.1441927603
2.9,-2694179.146075609,-4297223.711790375,3854328.2222860297
3.0,-2694179.023547811,-4297223.71677897,3854328.3003792954
3.1,-2694178.9010200147,-4297223.72176756,3854328.3784725615
3.2,-2694178.7784922183,-4297223.726756148,3854328.4565658267
3.3,-2694178.6559644216,-4297223.73174473,3854328.5346590914
3.4,-2694178.5334366257,-4297223.736733309,3854328.612752354
3.5,-2694178.410908829,-4297223.7417218825,3854328.690845616
3.6,-2694178.2883810336,-4297223.746710452,3854328.768938877
3.7,-2694178.1658532377,-4297223.751699017,3854328.847032138
3.8,-2694178.0433254447,-4297223.756687578,3854328.9251253963
3.9,-2694177.9207976502,-4297223.761676135,3854329.003218656
4.0,-2694177.798269856,-4297223.766664688,3854329.0813119137
4.1,-2694177.6757420627,-4297223.771653233,3854329.15940517
4.2,-2694177.5532142697,-4297223.776641779,3854329.2374984254
4.3,-2694177.4306864766,-4297223.781630318,3854329.3155916794
4.4,-2694177.308158683,-4297223.786618854,3854329.3936849334
4.5,-2694177.185630891,-4297223.7916073855,3854329.471778186
4.6,-2694177.063103098,-4297223.7965959115,3854329.549871438
4.7,-2694176.940575307,-4297223.801584435,3854329.627964688
4.8,-2694176.8180475165,-4297223.806572952,3854329.7060579387
4.9,-2694176.695519725,-4297223.811561466,3854329.784151187
5.0,-2694176.5729919337,-4297223.816549975,3854329.8622444356
5.1,-2694176.4504641453,-4297223.82153848,3854329.9403376817
5.2,-2694176.3279363546,-4297223.826526981,3854330.018430929
5.3,-2694176.205408565,-4297223.831515478,3854330.096524174
5.4,-2694176.0828807754,-4297223.836503971,3854330.1746174195
5.5,-2694175.960352986,-4297223.84149246,3854330.252710662
5.6,-2694175.8378251963,-4297223.846480943,3854330.3308039038
5.7,-2694175.71529741,-4297223.851469423,3854330.408897145
5.8,-2694175.5927696214,-4297223.856457898,3854330.4869903857
5.9,-2694175.4702418335,-4297223.86144637,3854330.5650836253
6.0,-2694175.347714046,-4297223.866434837,3854330.6431768634
6.1,-2694175.2251862586,-4297223.871423299,3854330.721270101
6.2,-2694175.1026584706,-4297223.876411757,3854330.7993633375
6.3,-2694174.9801306855,-4297223.88140021,3854330.8774565733
6.4,-2694174.8576029,-4297223.88638866,3854330.955549808
6.5,-2694174.735075113,-4297223.891377105,3854331.033643042
6.6,-2694174.612547328,-4297223.896365548,3854331.111736275
6.7,-2694174.490019545,-4297223.901353984,3854331.189829508
6.8,-2694174.3674917594,-4297223.906342416,3854331.267922737
6.9,-2694174.2449639747,-4297223.911330845,3854331.3460159674
7.0,-2694174.12243619,-4297223.916319269,3854331.4241091968
7.1,-2694173.9999084063,-4297223.921307689,3854331.502202424
7.2,-2694173.8773806226,-4297223.926296105,3854331.5802956517
7.3,-2694173.75485284,-4297223.931284514,3854331.6583888787
7.4,-2694173.6323250574,-4297223.936272922,3854331.736482104
7.5,-2694173.509797275,-4297223.941261324,3854331.814575328
7.6,-2694173.3872694927,-4297223.946249723,3854331.8926685518
7.7,-2694173.2647417122,-4297223.951238116,3854331.970761774
7.8,-2694173.14221393,-4297223.956226505,3854332.0488549955
7.9,-2694173.0196861494,-4297223.961214893,3854332.1269482155
8.0,-2694172.897158368,-4297223.966203273,3854332.205041436
8.1,-2694172.7746305875,-4297223.971191651,3854332.2831346546
8.2,-2694172.6521028066,-4297223.9761800235,3854332.3612278723
8.3,-2694172.5295750294,-4297223.981168392,3854332.439321089
8.4,-2694172.407047249,-4297223.986156755,3854332.5174143054
8.5,-2694172.284519469,-4297223.991145114,3854332.5955075203
8.6,-2694172.1619916917,-4297223.996133469,3854332.6736007333
8.7,-2694172.0394639135,-4297224.001121821,3854332.751693947
8.8,-2694171.916936135,-4297224.006110168,3854332.8297871584
8.9,-2694171.794408357,-4297224.0110985115,3854332.90788037
9.0,-2694171.6718805796,-4297224.01608685,3854332.9859735807
9.1,-2694171.5493528014,-4297224.0210751835,3854333.0640667896
9.2,-2694171.426825024,-4297224.026063514,3854333.1421599966
9.3,-2694171.3042972498,-4297224.031051839,3854333.2202532045
9.4,-2694171.1817694735,-4297224.036040161,3854333.29834641
9.5,-2694171.0592416967,-4297224.041028477,3854333.3764396165
9.6,-2694170.9367139204,-4297224.04601679,3854333.454532821
9.7,-2694170.814186145,-4297224.051005098,3854333.5326260235
9.8,-2694170.69165837,-4297224.055993403,3854333.6107192268
9.9,-2694170.5691305976,-4297224.060981702,3854333.6888124286
10.0,-2694170.4466028223,-4297224.065969998,3854333.766905629
10.1,-2694170.3240750493,-4297224.07095829,3854333.8449988295
10.2,-2694170.201547275,-4297224.075946577,3854333.9230920277
10.3,-2694170.079019503,-4297224.080934858,3854334.0011852253
10.4,-2694169.9564917306,-4297224.085923138,3854334.079278422
10.5,-2694169.8339639567,-4297224.090911411,3854334.1573716183
10.6,-2694169.7114361846,-4297224.095899682,3854334.2354648137
10.7,-2694169.5889084125,-4297224.100887947,3854334.313558007
10.8,-2694169.466380641,-4297224.105876208,3854334.3916512
10.9,-2694169.3438528716,-4297224.110864465,3854334.4697443927
11.0,-2694169.2213251004,-4297224.115852718,3854334.5478375843
11.1,-2694169.098797329,-4297224.120840967,3854334.625930774
11.2,-2694168.976269561,-4297224.1258292105,3854334.704023964
11.3,-2694168.85374179,-4297224.130817451,3854334.782117152
11.4,-2694168.7312140204,-4297224.135805686,3854334.860210339
11.5,-2694168.608686251,-4297224.140793919,3854334.9383035256
11.6,-2694168.486158482,-4297224.145782145,3854335.016396711
11.7,-2694168.363630713,-4297224.150770368,3854335.094489896
11.8,-2694168.241102945,-4297224.155758587,3854335.1725830804
11.9,-2694168.118575178,-4297224.1607468,3854335.250676262
12.0,-2694167.99604741,-4297224.16573501,3854335.3287694445
12.1,-2694167.873519643,-4297224.170723217,3854335.406862625
12.2,-2694167.750991876,-4297224.175711418,3854335.484955805
12.3,-2694167.6284641093,-4297224.180699615,3854335.5630489835
12.4,-2694167.5826983238,-4297224.10532203,3854335.678328983
12.5,-2694167.536932537,-4297224.029944442,3854335.7936089817
12.6,-2694167.491166747,-4297223.954566855,3854335.9088889775
12.7,-2694167.445400956,-4297223.879189265,3854336.024168973
12.8,-2694167.399635165,-4297223.803811671,3854336.1394489645
12.9,-2694167.3538693707,-4297223.7284340765,3854336.2547289543
13.0,-2694167.3081035744,-4297223.65305648,3854336.370008942
13.1,-2694167.2623377796,-4297223.57767888,3854336.4852889283
13.2,-2694167.2165719816,-4297223.5023012785,3854336.6005689125
13.3,-2694167.170806183,-4297223.426923674,3854336.7158488957
13.4,-2694167.125040383,-4297223.351546066,3854336.831128875
13.5,-2694167.079274581,-4297223.276168458,3854336.946408853
13.6,-2694167.0335087767,-4297223.200790849,3854337.0616888297
13.7,-2694166.987742972,-4297223.125413234,3854337.1769688036
13.8,-2694166.9419771647,-4297223.05003562,3854337.2922487757
13.9,-2694166.8962113564,-4297222.974658003,3854337.4075287464
14.0,-2694166.8504455476,-4297222.899280383,3854337.5228087152
14.1,-2694166.8046797365,-4297222.823902762,3854337.6380886817
14.2,-2694166.7589139245,-4297222.748525136,3854337.7533686454
14.3,-2694166.7131481124,-4297222.67314751,3854337.868648608
14.4,-2694166.667382296,-4297222.597769881,3854337.9839285687
14.5,-2694166.621616479,-4297222.522392251,3854338.0992085263
14.6,-2694166.5758506623,-4297222.447014618,3854338.214488483
14.7,-2694166.530084842,-4297222.371636983,3854338.3297684374
14.8,-2694166.4843190224,-4297222.2962593455,3854338.4450483895
14.9,-2694166.438553199,-4297222.220881706,3854338.5603283397
15.0,-2694166.3927873746,-4297222.145504065,3854338.675608289
15.1,-2694166.34702155,-4297222.070126419,3854338.7908882354
15.2,-2694166.301255724,-4297221.994748772,3854338.906168179
15.3,-2694166.255489896,-4297221.919371125,3854339.0214481214
15.4,-2694166.209724065,-4297221.843993474,3854339.136728062
15.5,-2694166.163958235,-4297221.76861582,3854339.252008001
15.6,-2694166.1181924017,-4297221.693238166,3854339.3672879376
End Time: 2020-07-09,20:05:08

StaticSimulation(run_time=60, gain=-2, latitude=27.417747, longitude=-112.086086)
Start Time: 2020-07-09,20:05:08
End Time: 2020-07-09,20:05:25

StaticSimulation(run_time=20, gain=-4, latitude=37.417747, longitude=-122.086086)
Start Time: 2020-07-09,20:05:25
End Time: 2020-07-09,20:05:36

